{
  "accessors": [
    {
      "bufferView": 2,
      "componentType": 5126,
      "count": 33032,
      "max": [
        2.4280931949615479,
        2.337169885635376,
        0.9147220253944397
      ],
      "min": [
        -2.4307084083557129,
        -2.0313317775726318,
        -5.8208985328674316
      ],
      "type": "VEC3"
    },
    {
      "bufferView": 2,
      "byteOffset": 396384,
      "componentType": 5126,
      "count": 33032,
      "max": [
        0.99999916553497314,
        0.99996489286422729,
        0.99997889995574951
      ],
      "min": [
        -0.99999874830245972,
        -0.99998229742050171,
        -0.99999433755874634
      ],
      "type": "VEC3"
    },
    {
      "bufferView": 3,
      "componentType": 5126,
      "count": 33032,
      "max": [
        0.99989485740661621,
        0.99996548891067505,
        0.99995607137680054,
        1
      ],
      "min": [
        -0.9999312162399292,
        -0.99999517202377319,
        -0.99991941452026367,
        -1
      ],
      "type": "VEC4"
    },
    {
      "bufferView": 1,
      "componentType": 5126,
      "count": 33032,
      "max": [
        0.99804675579071045,
        0.97770798206329346
      ],
      "min": [
        0.0019531291909515858,
        0.0019531252328306437
      ],
      "type": "VEC2"
    },
    {
      "bufferView": 1,
      "byteOffset": 264256,
      "componentType": 5126,
      "count": 33032,
      "max": [
        0.99804675579071045,
        0.97770798206329346
      ],
      "min": [
        0.0019531291909515858,
        0.0019531252328306437
      ],
      "type": "VEC2"
    },
    {
      "bufferView": 1,
      "byteOffset": 528512,
      "componentType": 5126,
      "count": 33032,
      "max": [
        0.99804675579071045,
        0.97770798206329346
      ],
      "min": [
        0.0019531291909515858,
        0.0019531252328306437
      ],
      "type": "VEC2"
    },
    {
      "bufferView": 1,
      "byteOffset": 792768,
      "componentType": 5126,
      "count": 33032,
      "max": [
        0.99804675579071045,
        0.97770798206329346
      ],
      "min": [
        0.0019531291909515858,
        0.0019531252328306437
      ],
      "type": "VEC2"
    },
    {
      "bufferView": 1,
      "byteOffset": 1057024,
      "componentType": 5126,
      "count": 33032,
      "max": [
        0.99804675579071045,
        0.97770798206329346
      ],
      "min": [
        0.0019531291909515858,
        0.0019531252328306437
      ],
      "type": "VEC2"
    },
    {
      "bufferView": 1,
      "byteOffset": 1321280,
      "componentType": 5126,
      "count": 33032,
      "max": [
        0.99804675579071045,
        0.97770798206329346
      ],
      "min": [
        0.0019531291909515858,
        0.0019531252328306437
      ],
      "type": "VEC2"
    },
    {
      "bufferView": 1,
      "byteOffset": 1585536,
      "componentType": 5126,
      "count": 33032,
      "max": [
        0.99804675579071045,
        0.97770798206329346
      ],
      "min": [
        0.0019531291909515858,
        0.0019531252328306437
      ],
      "type": "VEC2"
    },
    {
      "bufferView": 1,
      "byteOffset": 1849792,
      "componentType": 5126,
      "count": 33032,
      "max": [
        0.99804675579071045,
        0.97770798206329346
      ],
      "min": [
        0.0019531291909515858,
        0.0019531252328306437
      ],
      "type": "VEC2"
    },
    {
      "bufferView": 1,
      "byteOffset": 2114048,
      "componentType": 5126,
      "count": 33032,
      "max": [
        0.99804675579071045,
        0.97770798206329346
      ],
      "min": [
        0.0019531291909515858,
        0.0019531252328306437
      ],
      "type": "VEC2"
    },
    {
      "bufferView": 0,
      "componentType": 5125,
      "count": 183840,
      "max": [
        33031
      ],
      "min": [
        0
      ],
      "type": "SCALAR"
    }
  ],
  "asset": {
    "extras": {
      "author": "archier (https://sketchfab.com/archier)",
      "license": "CC-BY-4.0 (http://creativecommons.org/licenses/by/4.0/)",
      "source": "https://sketchfab.com/3d-models/dragom-be9aa7784642447db2979ba0956c228f",
      "title": "Dragom"
    },
    "generator": "Sketchfab-4.97.1",
    "version": "2.0"
  },
  "bufferViews": [
    {
      "buffer": 0,
      "byteLength": 735360,
      "byteOffset": 0,
      "name": "floatBufferViews",
      "target": 34963
    },
    {
      "buffer": 0,
      "byteLength": 2378304,
      "byteOffset": 735360,
      "byteStride": 8,
      "name": "floatBufferViews",
      "target": 34962
    },
    {
      "buffer": 0,
      "byteLength": 792768,
      "byteOffset": 3113664,
      "byteStride": 12,
      "name": "floatBufferViews",
      "target": 34962
    },
    {
      "buffer": 0,
      "byteLength": 528512,
      "byteOffset": 3906432,
      "byteStride": 16,
      "name": "floatBufferViews",
      "target": 34962
    }
  ],
  "buffers": [
    {
      "byteLength": 4434944,
      "uri": "scene.bin"
    }
  ],
  "images": [
    {
      "uri": "textures/Baker_1_Preview_normal.png"
    },
    {
      "uri": "textures/Baker_1_Preview_baseColor.png"
    }
  ],
  "materials": [
    {
      "doubleSided": true,
      "emissiveFactor": [
        0,
        0,
        0
      ],
      "name": "Baker_1_Preview",
      "normalTexture": {
        "index": 0,
        "scale": 1,
        "texCoord": 0
      },
      "pbrMetallicRoughness": {
        "baseColorFactor": [
          1,
          1,
          1,
          1
        ],
        "baseColorTexture": {
          "index": 1,
          "texCoord": 0
        },
        "metallicFactor": 0.20166667590000001,
        "roughnessFactor": 0.45287877860000003
      }
    }
  ],
  "meshes": [
    {
      "name": "Merged_DRAGOM19_01_Baker 1 Preview_0",
      "primitives": [
        {
          "attributes": {
            "NORMAL": 1,
            "POSITION": 0,
            "TANGENT": 2,
            "TEXCOORD_0": 3,
            "TEXCOORD_1": 4,
            "TEXCOORD_2": 5,
            "TEXCOORD_3": 6,
            "TEXCOORD_4": 7,
            "TEXCOORD_5": 8,
            "TEXCOORD_6": 9,
            "TEXCOORD_7": 10,
            "TEXCOORD_8": 11
          },
          "indices": 12,
          "material": 0,
          "mode": 4
        }
      ]
    }
  ],
  "nodes": [
    {
      "children": [
        1
      ],
      "name": "RootNode (gltf orientation matrix)",
      "rotation": [
        -0.70710678118654746,
        -0,
        -0,
        0.70710678118654757
      ]
    },
    {
      "children": [
        2
      ],
      "name": "RootNode (model correction matrix)"
    },
    {
      "children": [
        3
      ],
      "matrix": [
        1,
        0,
        0,
        0,
        0,
        0,
        1,
        0,
        0,
        -1,
        0,
        0,
        0,
        0,
        0,
        1
      ],
      "name": "06ab8c0f6f074939a9888bdcf8fcaca5.fbx"
    },
    {
      "children": [
        4,
        14
      ],
      "name": "RootNode"
    },
    {
      "children": [
        5,
        8,
        11
      ],
      "matrix": [
        -0.19080846115718289,
        2.3367297120637621e-17,
        0.98162722656899726,
        0,
        2.4267935117744969e-16,
        1,
        2.3367298513437147e-17,
        0,
        -0.98162722656899726,
        2.4267933671263315e-16,
        -0.19080846115718289,
        0,
        0,
        0,
        0,
        1
      ],
      "name": "Sky"
    },
    {
      "children": [
        6
      ],
      "matrix": [
        0.99418691783747104,
        8.1790993665339148e-08,
        0.10770773179344073,
        0,
        -0.01616254317534525,
        0.98867671732578466,
        0.14918620837616578,
        0,
        -0.10648790504188362,
        -0.15005951239552928,
        0.9829275262903967,
        0,
        1.4835340976715088,
        -0.29901599884033203,
        1.4555436372756958,
        1
      ],
      "name": "Sky Light 1"
    },
    {
      "children": [
        7
      ],
      "matrix": [
        1,
        0,
        0,
        0,
        0,
        2.2204460492503131e-16,
        1,
        0,
        0,
        -1,
        2.2204460492503131e-16,
        0,
        0,
        0,
        0,
        1
      ],
      "name": ""
    },
    {
      "name": ""
    },
    {
      "children": [
        9
      ],
      "matrix": [
        -0.38472976139299825,
        0.026794302631164762,
        0.92264621785910195,
        0,
        0.67597047735905813,
        0.6888354340536349,
        0.26186537234237595,
        0,
        -0.62853153621610869,
        0.7244251204192389,
        -0.28312613091578426,
        0,
        -2.3678507804870605,
        1.1695431470870972,
        -3.4693644046783447,
        1
      ],
      "name": "Sky Light 2"
    },
    {
      "children": [
        10
      ],
      "matrix": [
        1,
        0,
        0,
        0,
        0,
        2.2204460492503131e-16,
        1,
        0,
        0,
        -1,
        2.2204460492503131e-16,
        0,
        0,
        0,
        0,
        1
      ],
      "name": ""
    },
    {
      "name": ""
    },
    {
      "children": [
        12
      ],
      "matrix": [
        -0.92041487548499235,
        0.0019291074061802095,
        -0.39093522653528145,
        0,
        0.01348516001307644,
        0.99954951767137523,
        -0.026816983442143453,
        0,
        0.39070740757077616,
        -0.029954576345798071,
        -0.92002631400866564,
        0,
        -5.4336633682250977,
        2.9039502143859863,
        -3.5997030735015869,
        1
      ],
      "name": "Sky Light 3"
    },
    {
      "children": [
        13
      ],
      "matrix": [
        1,
        0,
        0,
        0,
        0,
        2.2204460492503131e-16,
        1,
        0,
        0,
        -1,
        2.2204460492503131e-16,
        0,
        0,
        0,
        0,
        1
      ],
      "name": ""
    },
    {
      "name": ""
    },
    {
      "children": [
        15
      ],
      "matrix": [
        10.10343074798584,
        0,
        0,
        0,
        0,
        1,
        0,
        0,
        0,
        0,
        10.10343074798584,
        0,
        -0.0013076066970825195,
        -4.08343505859375,
        -2.4530882835388184,
        1
      ],
      "name": "Shadow Catcher 1"
    },
    {
      "children": [
        16
      ],
      "matrix": [
        0.098976276814937592,
        0,
        0,
        0,
        0,
        1,
        0,
        0,
        0,
        0,
        0.098976276814937592,
        0,
        0.00012942204193677753,
        4.0834345817565918,
        0.24279753863811493,
        1
      ],
      "name": "Merged_DRAGOM19_01"
    },
    {
      "mesh": 0,
      "name": "Merged_DRAGOM19_01_Baker 1 Preview_0"
    }
  ],
  "samplers": [
    {
      "magFilter": 9729,
      "minFilter": 9987,
      "wrapS": 10497,
      "wrapT": 10497
    }
  ],
  "scene": 0,
  "scenes": [
    {
      "name": "OSG_Scene",
      "nodes": [
        0
      ]
    }
  ],
  "textures": [
    {
      "sampler": 0,
      "source": 0
    },
    {
      "sampler": 0,
      "source": 1
    }
  ]
}

